i=   0 ekin=  0.00001  epot= -11.93967  etot= -11.93966
i=   1 ekin=  0.00005  epot= -11.93971  etot= -11.93966
